# Blender v2.79 (sub 0) OBJ File: 'controlPannel.blend'
# www.blender.org
mtllib controlPannel.mtl
o Cube.004_Cube.005
v 4.355149 1.260389 4.464576
v 4.419072 1.324312 4.464576
v 4.493136 1.122402 4.464576
v 4.557059 1.186325 4.464576
v 4.355150 1.260390 6.808133
v 4.419073 1.324313 6.808133
v 4.493136 1.122403 6.808133
v 4.557059 1.186326 6.808133
vn -0.0000 0.0000 -1.0000
vn 0.7071 -0.7071 0.0000
vn 0.0000 0.0000 1.0000
vn -0.7071 0.7071 -0.0000
vn -0.7071 -0.7071 0.0000
vn 0.7071 0.7071 -0.0000
usemtl Material.002
s off
f 1//1 2//1 4//1 3//1
f 3//2 4//2 8//2 7//2
f 7//3 8//3 6//3 5//3
f 5//4 6//4 2//4 1//4
f 3//5 7//5 5//5 1//5
f 8//6 4//6 2//6 6//6
o Cube.003_Cube.004
v 2.793707 2.843063 4.464576
v 2.857630 2.906986 4.464576
v 2.931694 2.705076 4.464576
v 2.995616 2.768999 4.464576
v 2.793707 2.843064 6.808133
v 2.857630 2.906987 6.808133
v 2.931694 2.705077 6.808133
v 2.995617 2.769000 6.808133
vn 0.0000 0.0000 -1.0000
vn 0.7071 -0.7071 0.0000
vn 0.0000 0.0000 1.0000
vn -0.7071 0.7071 -0.0000
vn -0.7071 -0.7071 0.0000
vn 0.7071 0.7071 -0.0000
usemtl Material.002
s off
f 9//7 10//7 12//7 11//7
f 11//8 12//8 16//8 15//8
f 15//9 16//9 14//9 13//9
f 13//10 14//10 10//10 9//10
f 11//11 15//11 13//11 9//11
f 16//12 12//12 10//12 14//12
o Cube.002
v 2.854585 2.912853 6.645460
v 2.790662 2.848930 6.645460
v 2.854585 2.912853 6.840602
v 2.790662 2.848930 6.840602
v 4.575655 1.191783 6.645460
v 4.511732 1.127860 6.645460
v 4.575655 1.191783 6.840602
v 4.511732 1.127860 6.840602
vn -0.7071 0.7071 0.0000
vn 0.0000 0.0000 1.0000
vn 0.7071 -0.7071 0.0000
vn 0.0000 0.0000 -1.0000
vn 0.7071 0.7071 0.0000
vn -0.7071 -0.7071 0.0000
usemtl Material.002
s off
f 17//13 18//13 20//13 19//13
f 19//14 20//14 24//14 23//14
f 23//15 24//15 22//15 21//15
f 21//16 22//16 18//16 17//16
f 19//17 23//17 21//17 17//17
f 24//18 20//18 18//18 22//18
o Cube.001
v 2.854585 2.911606 4.456072
v 2.790662 2.847683 4.456072
v 2.854585 2.911606 4.651215
v 2.790662 2.847683 4.651215
v 4.575655 1.190536 4.456072
v 4.511732 1.126613 4.456072
v 4.575655 1.190536 4.651215
v 4.511732 1.126613 4.651215
vn -0.7071 0.7071 0.0000
vn 0.0000 0.0000 1.0000
vn 0.7071 -0.7071 0.0000
vn -0.0000 0.0000 -1.0000
vn 0.7071 0.7071 0.0000
vn -0.7071 -0.7071 0.0000
usemtl Material.002
s off
f 25//19 26//19 28//19 27//19
f 27//20 28//20 32//20 31//20
f 31//21 32//21 30//21 29//21
f 29//22 30//22 26//22 25//22
f 27//23 31//23 29//23 25//23
f 32//24 28//24 26//24 30//24
o Plane
v 4.390851 1.313224 6.653791
v 4.390851 1.313224 4.653791
v 2.976637 2.727437 6.653791
v 2.976637 2.727437 4.653791
vt 0.338213 0.000077
vt 0.933627 0.000077
vt 0.933627 0.999923
vt 0.338213 0.999923
vn 0.7071 0.7071 0.0000
usemtl Material.001
s off
f 33/1/25 34/2/25 36/3/25 35/4/25
o Cube
v 5.229239 -0.240628 -8.273118
v 5.229239 -0.240628 8.273119
v 1.467353 3.521258 8.273117
v 1.467354 3.521257 -8.273122
v 5.572805 0.102937 -8.273114
v 5.572803 0.102939 8.273124
v 1.810917 3.864824 8.273116
v 1.810918 3.864823 -8.273119
v 1.847252 3.547422 -8.276738
v 1.847252 3.547422 8.269500
v 1.673857 -0.273965 8.269498
v 1.673856 -0.273964 -8.276741
v 1.695083 3.554328 -8.276734
v 1.695083 3.554326 8.269505
v 1.521688 -0.267061 8.269497
v 1.521688 -0.267060 -8.276738
vn -0.7071 -0.7071 -0.0000
vn 0.7071 0.7071 -0.0000
vn 0.7071 -0.7071 0.0000
vn -0.0000 -0.0000 1.0000
vn -0.7071 0.7071 -0.0000
vn 0.0000 0.0000 -1.0000
vn 0.9990 -0.0453 -0.0000
vn -0.9990 0.0453 -0.0000
vn 0.0453 0.9990 0.0000
vn -0.0453 -0.9990 -0.0000
usemtl Material
s off
f 37//26 38//26 39//26 40//26
f 41//27 44//27 43//27 42//27
f 37//28 41//28 42//28 38//28
f 38//29 42//29 43//29 39//29
f 39//30 43//30 44//30 40//30
f 41//31 37//31 40//31 44//31
f 45//32 46//32 47//32 48//32
f 49//33 52//33 51//33 50//33
f 45//34 49//34 50//34 46//34
f 46//29 50//29 51//29 47//29
f 47//35 51//35 52//35 48//35
f 49//31 45//31 48//31 52//31
